3 0.58890625 0.1130078125 0.13467187500000008 0.1999609375
3 0.157734375 0.29390625 0.11012499999999999 0.11533203125000002
5 0.1331875 0.46224609375 0.04017187500000001 0.10416015624999997
5 0.09821875 0.46224609375 0.04464062499999999 0.10044921875000001
5 0.059890624999999996 0.44783203125 0.03348437500000001 0.10880859374999996
5 0.036828125 0.45015625 0.043906250000000015 0.10603515625000004
5 0.1793125 0.45666015625 0.04167187499999998 0.11904296875000009
5 0.260046875 0.4631640625 0.026046875000000025 0.06324218749999999
5 0.297984375 0.46224609375 0.03200000000000003 0.07626953125000002
1 0.4453125 0.48548828125 0.046875 0.05394531250000001
1 0.392484375 0.48037109375 0.043906250000000036 0.05300781249999997