5 0.93465625 0.45720703125 0.06676562500000002 0.18642578124999998
5 0.877125 0.46697265625000006 0.0440312500000001 0.17044921875000002
5 0.602265625 0.478515625 0.078125 0.16867187500000003
5 0.129609375 0.495390625 0.07315624999999999 0.20773437500000003
5 0.019890625000000002 0.475859375 0.02840625 0.07457031249999996
1 0.39559375 0.61123046875 0.44176562500000005 0.485625
8 0.348015625 0.27744140625 0.06960937500000001 0.08611328125000003
8 0.253546875 0.26767578125 0.0625 0.068359375
8 0.51384375 0.34580078125 0.04332812500000003 0.08078125000000003
3 0.435015625 0.2015234375 0.05042187499999997 0.07101562500000003
1 0.823859375 0.4514453125 0.125 0.087890625
1 0.127484375 0.45365234375 0.12287499999999998 0.06214843749999999