6 0.689359375 0.5119921875 0.09746874999999999 0.283671875
5 0.79203125 0.47619140625 0.049843750000000145 0.1581054687500001
5 0.84078125 0.4836328125 0.04612499999999997 0.14509765624999993
5 0.91815625 0.477578125 0.03720312499999991 0.14974609375000003
5 0.97246875 0.4543359375 0.055062500000000014 0.14601562499999998
1 0.360484375 0.5459375 0.345984375 0.29390625000000004
1 0.08259375 0.4733984375 0.15773437500000004 0.2976171875
1 0.20201562499999998 0.4841015625 0.11829687499999997 0.08650390624999993
8 0.22023437499999998 0.2576171875 0.08631250000000001 0.09300781250000001
8 0.342265625 0.26646484375 0.09078125000000004 0.10695312499999998
3 0.42596875 0.19578125 0.08704687500000005 0.07533203124999999