1 0.34746875 0.5459375 0.22023437500000004 0.23251953124999997
1 0.04353125 0.50455078125 0.08259375 0.20740234374999994
3 0.61234375 0.1520703125 0.09671874999999996 0.14416015625
5 0.9051406249999999 0.56408203125 0.1272343750000001 0.25761718749999996
5 0.564359375 0.48083984375 0.07515625000000004 0.12462890625000006
5 0.525296875 0.49060546875 0.059531250000000036 0.10880859375000002
5 0.47359375000000004 0.5036328125 0.03795312499999994 0.08091796874999996
5 0.4375 0.4845703125 0.028281250000000036 0.06697265625000004
5 0.24367187499999998 0.46736328125 0.040921874999999996 0.06974609374999996
5 0.20460937499999998 0.47107421875 0.025296874999999996 0.06974609375000002
5 0.18787500000000001 0.47666015625 0.034968750000000014 0.06417968750000003
5 0.171875 0.478046875 0.041671875000000025 0.07626953124999997