5 0.62996875 0.506484375 0.12357812500000005 0.35244140624999987
5 0.730109375 0.50826171875 0.1122187499999999 0.30451171874999994
5 0.24325000000000002 0.46474609375 0.03054687500000002 0.07724609374999991
5 0.22265625 0.46875 0.02628124999999999 0.09765625
5 0.203125 0.47318359375 0.02698437499999997 0.09410156250000001
5 0.08167187499999999 0.47185546875 0.045453125000000004 0.1429296875
5 0.050421875000000005 0.48783203125 0.032671874999999996 0.17666015624999998
5 0.035859375 0.48828125 0.04190625 0.16867187500000003
3 0.566046875 0.26767578125 0.1122187499999999 0.14115234374999996
1 0.37570312499999997 0.548203125 0.21306250000000002 0.24591796874999994
1 0.44318749999999996 0.47185546875 0.09232812500000005 0.10564453124999995
1 0.2958125 0.4651953125 0.06462500000000002 0.09054687500000003