5 0.7418125 0.458515625 0.05357812499999994 0.23066406250000004
5 0.685640625 0.438984375 0.052828125000000094 0.22507812500000002
5 0.626859375 0.4445703125 0.07515625000000004 0.23251953124999997
5 0.53609375 0.42689453125 0.02901562500000008 0.09671874999999996
5 0.5074375 0.43154296875 0.034218749999999964 0.09671874999999996
5 0.493671875 0.42224609375 0.039437500000000014 0.08556640625
1 0.32440625 0.51619140625 0.27976562499999996 0.342265625
1 0.15253125 0.43154296875 0.09523437499999998 0.13951171874999996
1 0.08035937500000001 0.438984375 0.13690625 0.19160156250000004
1 0.88578125 0.4943359375 0.20609375000000005 0.28181640625000004
3 0.501484375 0.2101953125 0.07292187499999994 0.10974609375