5 0.5851875 0.4919921875 0.04240624999999998 0.13392578125
5 0.62165625 0.48548828125 0.05282812499999991 0.14695312500000002
5 0.419265625 0.50734375 0.054312499999999986 0.12556640624999993
5 0.357140625 0.4971093750000001 0.04762500000000003 0.11624999999999996
5 0.33073437499999997 0.498984375 0.057296875000000025 0.11998046875000001
5 0.297625 0.4938671875 0.04017187499999997 0.1171875
5 0.25 0.47480468750000004 0.05803124999999998 0.14601562499999998
5 0.158109375 0.48177734375 0.04539062500000002 0.16369140625
5 0.17931250000000004 0.4696875 0.04464062499999999 0.15439453125000002
5 0.106765625 0.4650390625 0.030500000000000017 0.08556640625
5 0.094125 0.46037109375 0.036453124999999996 0.08556640625
5 0.036828125 0.4631640625 0.043906250000000015 0.0855664062499999
7 0.07850000000000001 0.54640625 0.052828125000000004 0.08650390624999993