6 0.695671875 0.5335546875 0.14132812500000008 0.37464843750000004
1 0.3760625 0.63388671875 0.49787499999999996 0.48828125
1 0.82528125 0.4567578125 0.13068750000000007 0.08433593750000001
5 0.8963125 0.4612109375 0.0497187499999999 0.15359374999999997
5 0.92684375 0.4554296875 0.05256250000000016 0.17578125
5 0.984015625 0.45765625 0.03195312500000007 0.18376953125000006
5 0.53621875 0.45099609375 0.02982812500000005 0.05681640624999995
5 0.55575 0.4603125 0.03479687499999997 0.05238281249999999
8 0.24325000000000002 0.2561328125 0.09871875000000001 0.12162109374999999
8 0.359015625 0.27876953125 0.06889062499999996 0.09054687500000003
3 0.43323437499999995 0.2001953125 0.05256249999999998 0.06658203125
8 0.52521875 0.36265625 0.05895312500000003 0.11806640624999998
5 0.015625 0.48046875 0.03125 0.08984375