3 0.470609375 0.27296875 0.06621874999999999 0.11624999999999996
1 0.369046875 0.555703125 0.27678125 0.2873828125
1 0.8415156250000001 0.5310546875 0.24851562499999993 0.29390625000000004
1 0.721359375 0.50919921875 0.12128125000000001 0.20740234374999988
1 0.18378125 0.44177734375 0.11756250000000001 0.11533203125000002
1 0.02009375 0.498046875 0.029765624999999997 0.19625000000000004
5 0.095609375 0.51107421875 0.09449999999999999 0.2166992187500001
5 0.640625 0.52501953125 0.059531250000000036 0.24275390624999993
5 0.591515625 0.498984375 0.034218749999999964 0.21855468750000007
5 0.560640625 0.46736328125 0.04240624999999998 0.14974609375000003
5 0.489578125 0.46083984375 0.03125 0.09207031249999997