1 0.84821875 0.47990234375 0.07292187500000011 0.19160156249999993
1 0.8057968750000001 0.48083984375 0.05357812499999994 0.17671875000000004
1 0.73771875 0.48966796875 0.06174999999999997 0.16462890625000004
1 0.604171875 0.498046875 0.06546874999999996 0.13671875
1 0.544265625 0.50083984375 0.04835937500000007 0.15345703125000004
1 0.490328125 0.47525390625 0.06993749999999999 0.17857421875
1 0.403640625 0.478046875 0.05579687500000001 0.14509765624999998
1 0.35565625 0.47990234375 0.034218749999999964 0.09115234375000003
1 0.327375 0.458046875 0.038687499999999986 0.08277343749999999
1 0.24703124999999998 0.45759765625 0.034218749999999964 0.07626953125000002
1 0.220984375 0.46269531250000007 0.04464062499999999 0.07718750000000002
1 0.173359375 0.46642578125 0.038687499999999986 0.09580078124999997
1 0.0550625 0.46037109375000007 0.04612499999999999 0.11160156250000003
7 0.19270312500000003 0.54826171875 0.07589062500000002 0.09021484374999988