5 0.71390625 0.478515625 0.06174999999999997 0.15531249999999996
5 0.681171875 0.477578125 0.05878125000000001 0.15345703125
5 0.6335625 0.4729296875 0.06325000000000003 0.17578125
5 0.536828125 0.49107421875 0.06473437499999993 0.20460937499999998
5 0.147328125 0.50130859375 0.07440625000000001 0.19160156250000004
5 0.110125 0.5124609375 0.07440625000000001 0.1953125
5 0.060265625 0.5119921875 0.0625 0.1832226562499999
1 0.443828125 0.46595703125 0.10789062499999993 0.0948632812500001
1 0.4925625 0.44921875 0.07292187499999994 0.06509765624999997
1 0.244421875 0.4529296875 0.07068750000000001 0.06324218749999999
3 0.49924999999999997 0.2683203125 0.08779687500000008 0.08277343749999999
3 0.34709375 0.30134765625 0.06026562499999999 0.07626953125000002