1 0.36434375 0.5113671875 0.18323437499999998 0.18998046874999996
6 0.776640625 0.509140625 0.09020312499999994 0.26189453125000006
6 0.696015625 0.48162109374999995 0.06676562500000002 0.17843749999999997
5 0.978125 0.46875 0.04375 0.15625
5 0.959875 0.4771875 0.0546875 0.15537109374999997
5 0.88671875 0.48294921875 0.0419062499999999 0.13849609375000005
5 0.848359375 0.4723046875 0.0390625 0.13849609374999994
5 0.535515625 0.46962890625 0.03835937499999993 0.05503906250000001
5 0.482953125 0.4749609375 0.02840624999999992 0.05148437500000003
1 0.1484375 0.49671875 0.17471874999999998 0.18376953125000006
1 0.253546875 0.4709765625 0.09517187500000004 0.126953125
8 0.22335937499999997 0.25478515625 0.17400000000000002 0.09587890625000003
8 0.3203125 0.24458984375 0.10085937500000001 0.12162109375000002
3 0.45490624999999996 0.1540234375 0.12570312500000003 0.11097656249999999
3 0.41726562500000003 0.295625 0.0703125 0.04617187499999997
8 0.528046875 0.36177734375 0.06179687499999993 0.09853515624999998