7 0.27734375 0.56064453125 0.07742187500000001 0.11806640625000009
7 0.034796875 0.565078125 0.04403125 0.08966796874999994
9 0.1036875 0.50470703125 0.046875 0.09322265625000004
5 0.975859375 0.50115234375 0.03976562500000007 0.2015234374999999
5 0.94034375 0.49671875 0.05114062500000003 0.18376953125000006
5 0.79296875 0.48828125 0.04899999999999984 0.18998046874999996
5 0.654828125 0.49494140625 0.04829687499999995 0.11630859375000002
5 0.709875 0.4958203125 0.04900000000000002 0.11453124999999997
5 0.607953125 0.4905078125 0.044031249999999925 0.0914453125000001
5 0.556109375 0.498046875 0.05681250000000002 0.11185546874999996
5 0.48473437500000005 0.4638671875 0.04900000000000002 0.11806640625000009
5 0.45348437500000005 0.46564453124999994 0.036218749999999925 0.087890625
5 0.42257812499999997 0.4665234375 0.03125 0.07900390625000009
5 0.39701562500000004 0.46076171875 0.03693749999999998 0.07634765624999995
5 0.36434375 0.44521484375 0.029828124999999962 0.05947265624999998
5 0.3114375 0.4514453125 0.04190624999999999 0.06658203125000006
5 0.23117187499999997 0.4709765625 0.03479687499999997 0.09322265625000004
9 0.20099999999999998 0.4909375 0.02698437499999997 0.06748046874999991
5 0.05078125 0.47185546875000006 0.05753124999999999 0.107421875