5 0.696375 0.54154296875 0.0859375 0.319609375
5 0.647015625 0.4975976562500001 0.06534375000000008 0.25125000000000003
5 0.620390625 0.4762890625 0.0546875 0.19974609374999996
5 0.5859375 0.45943359375 0.034093750000000075 0.16423828124999995
5 0.5 0.45232421875 0.03976562500000007 0.09677734375000002
5 0.47053124999999996 0.4541015625 0.03195312500000007 0.07900390624999998
5 0.44318749999999996 0.43544921875 0.025562500000000023 0.05238281249999999
3 0.475140625 0.25701171875 0.06676562500000002 0.11630859375000002
1 0.350140625 0.539765625 0.20596874999999998 0.21484375
1 0.36328125 0.45765625 0.10014062500000005 0.09144531250000004
1 0.8725156249999999 0.51890625 0.21804687499999992 0.34001953125000006
1 0.78515625 0.481171875 0.1328125 0.19708984374999994
1 0.222296875 0.43369140625 0.10368750000000002 0.11097656249999999
1 0.140984375 0.43634765625 0.11860937499999999 0.12162109374999996
5 0.078125 0.51890625 0.07243750000000002 0.263671875
5 0.025921875 0.51580078125 0.0390625 0.24148437499999997