6 0.787640625 0.50337890625 0.08381249999999998 0.25212890625000006
6 0.6395625 0.49361328125000004 0.08167187499999998 0.18289062499999997
5 0.913359375 0.499375 0.05256250000000016 0.18732421874999994
5 0.863984375 0.47763671875 0.0419062499999999 0.1598046875000001
5 0.975859375 0.49494140625 0.046875 0.21396484375000002
5 0.574578125 0.47408203125000004 0.03551562500000003 0.05859375
5 0.532671875 0.4771875 0.03976562500000007 0.0648046874999999
5 0.484375 0.47451171875 0.03976562500000007 0.05771484374999991
8 0.327765625 0.24369140624999996 0.0390625 0.087890625
8 0.18856250000000002 0.22771484375 0.09162499999999998 0.07724609375000002
3 0.42009375000000004 0.1500390625 0.08167187499999998 0.06748046875000002
8 0.523078125 0.3395703125 0.06889062500000005 0.11984375000000003
1 0.36328125 0.5055859375 0.1512812499999999 0.14470703125000006
1 0.189984375 0.48162109374999995 0.15128124999999998 0.13937500000000003
1 0.09623437500000001 0.4918359375 0.0703125 0.05859375
1 0.041546875 0.48873046875000004 0.064625 0.05593749999999997