1 0.4449375 0.48875 0.07737499999999997 0.07906250000000004
1 0.388390625 0.47525390625 0.05803124999999998 0.06697265625000004
1 0.333703125 0.47990234375000007 0.07068750000000001 0.06324218749999999
5 0.283109375 0.47712890624999993 0.03200000000000003 0.059531250000000036
5 0.25484375 0.46689453125 0.03200000000000003 0.06882812500000002
5 0.23921874999999998 0.4645703125 0.027531250000000007 0.06044921874999998
5 0.17634375 0.4678125 0.034218750000000006 0.08927734374999996
5 0.142859375 0.47619140625 0.023812500000000014 0.10416015625000008
5 0.067703125 0.4743359375 0.04762500000000001 0.12833984375000007
5 0.04315625 0.48548828125 0.03720312499999999 0.15996093749999996
5 0.025296875000000003 0.4845703125 0.041671875000000004 0.14880859375
3 0.09264062499999999 0.263671875 0.072171875 0.11253906250000001
3 0.486234375 0.34458984375 0.05579687500000006 0.05859375
3 0.298734375 0.37853515625 0.03200000000000003 0.04091796874999998