1 0.35528125 0.5478125 0.27009375 0.2678515625
1 0.196796875 0.430625 0.18229687499999997 0.11904296874999998
1 0.08631250000000001 0.44550781249999993 0.10565625000000001 0.13207031249999995
5 0.9148125 0.5226953125 0.16740625000000015 0.24367187499999998
5 0.0390625 0.53525390625 0.06920312499999999 0.3171484375
5 0.80096875 0.60267578125 0.10490625000000006 0.44642578125000004
5 0.716140625 0.5226953125 0.057296874999999935 0.3180859375
5 0.67559375 0.47619140625 0.034218749999999964 0.18228515625000002
5 0.633921875 0.47666015625 0.05059374999999999 0.19251953125000004
5 0.591890625 0.46269531250000007 0.039437500000000014 0.15160156250000006
5 0.509296875 0.4524804687499999 0.03200000000000003 0.09765624999999994
5 0.475078125 0.4455078125 0.039437500000000014 0.09486328124999999
3 0.47246875 0.2478515625 0.09821875000000002 0.12369140624999997