5 0.844453125 0.50603515625 0.0752812500000001 0.09943359374999994
5 0.7876406250000001 0.47984375 0.04260937499999997 0.13937500000000003
5 0.758875 0.509140625 0.051843749999999925 0.1624609374999999
5 0.688203125 0.5029296875 0.05114062500000003 0.14115234374999996
5 0.54971875 0.51669921875 0.05823437499999997 0.1171875
5 0.486859375 0.50470703125 0.057531250000000075 0.11275390625000004
5 0.46306250000000004 0.51046875 0.06107812500000005 0.1171875
5 0.421875 0.50380859375 0.046875 0.10919921874999994
5 0.38884375000000004 0.4918359375 0.06462500000000002 0.1598046875000001
5 0.359375 0.51091796875 0.05114062500000003 0.1305078125000001
5 0.312859375 0.48427734375 0.046171875000000015 0.08611328125000006
5 0.27946875000000004 0.4736328125 0.0390625 0.0719140625000001
5 0.207390625 0.47185546875000006 0.039765624999999985 0.06302734374999996
5 0.18429687499999997 0.47541015624999994 0.046171875000000015 0.068359375
5 0.144890625 0.48029296875 0.05114062499999998 0.07990234375000005
9 0.10192187500000001 0.5002734375 0.047578124999999985 0.06658203125000006
7 0.164421875 0.5686328125 0.060375000000000026 0.107421875