5 0.606765625 0.4845703125 0.04539062499999993 0.13021484375000003
5 0.572546875 0.49013671875 0.03795312499999994 0.12277343750000003
5 0.411453125 0.49013671875 0.04464062500000008 0.09859375000000004
5 0.3668125 0.49478515625 0.037203125000000004 0.10044921875000001
5 0.34078125 0.4924609375 0.038687499999999986 0.09765625
5 0.30765625 0.48828125 0.052828125000000004 0.08927734375000007
5 0.258921875 0.46921875 0.05059374999999999 0.1199804687499999
5 0.165171875 0.4729296875 0.03571874999999998 0.1199804687499999
5 0.20982812499999998 0.4748046875 0.04762500000000003 0.10880859374999996
5 0.12351562499999999 0.4678125 0.025296874999999996 0.07068359375
5 0.1023125 0.4650390625 0.02604687499999998 0.05394531250000001
5 0.037203125 0.47201171875 0.03720312499999999 0.09021484375
7 0.1179375 0.5324609375 0.039437500000000014 0.06789062499999998