1 0.36931250000000004 0.5739453125 0.31818749999999996 0.36666015625000004
1 0.8895156249999999 0.5078125 0.2165156249999999 0.2418164062499999
1 0.9196406250000001 0.5226953125 0.15773437500000007 0.2194921875
1 0.174484375 0.45015625 0.16890624999999998 0.14322265624999997
1 0.10007812499999999 0.4729296875 0.16145312500000003 0.2166992187500001
5 0.725078125 0.497578125 0.046875 0.2194921875
5 0.686390625 0.48548828125 0.057296874999999935 0.20275390625000012
5 0.756703125 0.47525390624999997 0.041671874999999935 0.23996093750000003
5 0.656625 0.49107421875 0.05282812499999991 0.21578125000000004
5 0.624625 0.49107421875 0.05282812499999991 0.1971679687500001
5 0.611609375 0.4631640625 0.05059374999999999 0.15253906250000004
5 0.580359375 0.4631640625 0.03571875000000002 0.13392578124999988
5 0.561390625 0.4645703125 0.03348437499999992 0.12556640624999993
5 0.525671875 0.459453125 0.03200000000000003 0.11160156249999997