6 0.7875 0.503125 0.08359375 0.25234375
6 0.63984375 0.49375 0.08203125 0.1828125
5 0.91328125 0.49921875 0.05234375 0.1875
5 0.8640625 0.47734375 0.0421875 0.16015625
5 0.97578125 0.4953125 0.046875 0.2140625
5 0.57421875 0.47421875 0.03515625 0.05859375
5 0.5328125 0.47734375 0.03984375 0.06484375
5 0.484375 0.47421875 0.03984375 0.0578125
8 0.328125 0.24375 0.0390625 0.0875
8 0.18828125 0.22734375 0.09140625 0.07734375
3 0.4203125 0.15 0.08203125 0.0671875
8 0.5234375 0.33984375 0.06875 0.11953125
1 0.36328125 0.50546875 0.1515625 0.14453125
1 0.18984375 0.48125 0.1515625 0.1390625
1 0.09609375 0.4921875 0.0703125 0.05859375
1 0.04140625 0.4890625 0.06484375 0.05625