5 0.934375 0.45703125 0.06640625 0.18671875
5 0.87734375 0.4671875 0.04375 0.1703125
5 0.60234375 0.478125 0.078125 0.16875
5 0.1296875 0.4953125 0.0734375 0.2078125
5 0.01953125 0.47578125 0.028125 0.07421875
1 0.3953125 0.6109375 0.44140625 0.4859375
8 0.34765625 0.27734375 0.06953125 0.0859375
8 0.25390625 0.26796875 0.0625 0.06875
8 0.5140625 0.34609375 0.04296875 0.08046875
3 0.43515625 0.2015625 0.05078125 0.07109375
1 0.82421875 0.4515625 0.125 0.0875
1 0.12734375 0.45390625 0.12265625 0.0625