6 0.6953125 0.53359375 0.14140625 0.375
1 0.37578125 0.63359375 0.49765625 0.48828125
1 0.825 0.45703125 0.13046875 0.084375
5 0.89609375 0.4609375 0.05 0.15390625
5 0.9265625 0.45546875 0.05234375 0.17578125
5 0.98359375 0.45703125 0.0328125 0.1828125
5 0.5359375 0.45078125 0.0296875 0.05703125
5 0.55546875 0.46015625 0.03515625 0.05234375
8 0.24296875 0.25625 0.0984375 0.121875
8 0.359375 0.27890625 0.06875 0.090625
3 0.43359375 0.2 0.05234375 0.06640625
8 0.525 0.3625 0.05859375 0.11796875
5 0.015625 0.48046875 0.03125 0.08984375