1 0.4453125 0.4890625 0.07734375 0.07890625
1 0.38828125 0.475 0.0578125 0.0671875
1 0.33359375 0.4796875 0.0703125 0.06328125
5 0.2828125 0.47734375 0.03203125 0.059375
5 0.2546875 0.4671875 0.03203125 0.06875
5 0.2390625 0.46484375 0.02734375 0.06015625
5 0.1765625 0.46796875 0.034375 0.0890625
5 0.14296875 0.4765625 0.0234375 0.10390625
5 0.06796875 0.47421875 0.04765625 0.128125
5 0.04296875 0.48515625 0.0375 0.16015625
5 0.025 0.484375 0.04140625 0.1484375
3 0.09296875 0.2640625 0.071875 0.1125
3 0.4859375 0.34453125 0.05546875 0.05859375
3 0.2984375 0.37890625 0.03203125 0.040625