7 0.27734375 0.5609375 0.07734375 0.11796875
7 0.03515625 0.56484375 0.04375 0.08984375
9 0.10390625 0.5046875 0.046875 0.09296875
5 0.97578125 0.50078125 0.03984375 0.2015625
5 0.940625 0.496875 0.05078125 0.18359375
5 0.79296875 0.48828125 0.04921875 0.18984375
5 0.6546875 0.4953125 0.0484375 0.11640625
5 0.71015625 0.49609375 0.04921875 0.11484375
5 0.6078125 0.490625 0.04375 0.09140625
5 0.55625 0.4984375 0.05703125 0.11171875
5 0.484375 0.4640625 0.04921875 0.11796875
5 0.453125 0.465625 0.0359375 0.0875
5 0.42265625 0.46640625 0.03125 0.07890625
5 0.396875 0.4609375 0.03671875 0.0765625
5 0.3640625 0.4453125 0.0296875 0.059375
5 0.31171875 0.4515625 0.0421875 0.06640625
5 0.23125 0.47109375 0.03515625 0.09296875
9 0.20078125 0.490625 0.02734375 0.0671875
5 0.05078125 0.471875 0.0578125 0.1078125