1 0.36953125 0.57421875 0.31796875 0.36640625
1 0.88984375 0.5078125 0.21640625 0.2421875
1 0.91953125 0.52265625 0.1578125 0.21953125
1 0.17421875 0.45 0.16875 0.14296875
1 0.1 0.47265625 0.16171875 0.21640625
5 0.725 0.49765625 0.046875 0.21953125
5 0.68671875 0.48515625 0.05703125 0.203125
5 0.75703125 0.475 0.04140625 0.23984375
5 0.65625 0.49140625 0.053125 0.215625
5 0.625 0.49140625 0.053125 0.196875
5 0.61171875 0.46328125 0.05078125 0.15234375
5 0.58046875 0.46328125 0.0359375 0.13359375
5 0.56171875 0.46484375 0.03359375 0.12578125
5 0.52578125 0.459375 0.03203125 0.11171875