5 0.84453125 0.50625 0.075 0.09921875
5 0.7875 0.4796875 0.04296875 0.1390625
5 0.75859375 0.509375 0.0515625 0.1625
5 0.68828125 0.503125 0.05078125 0.14140625
5 0.55 0.51640625 0.05859375 0.1171875
5 0.48671875 0.5046875 0.0578125 0.1125
5 0.46328125 0.51015625 0.0609375 0.1171875
5 0.421875 0.50390625 0.046875 0.109375
5 0.3890625 0.4921875 0.06484375 0.16015625
5 0.359375 0.5109375 0.05078125 0.13046875
5 0.3125 0.484375 0.04609375 0.0859375
5 0.2796875 0.4734375 0.0390625 0.071875
5 0.20703125 0.471875 0.03984375 0.06328125
5 0.184375 0.47578125 0.04609375 0.06796875
5 0.14453125 0.48046875 0.05078125 0.0796875
9 0.1015625 0.5 0.04765625 0.06640625
7 0.1640625 0.56875 0.06015625 0.1078125