5 0.60703125 0.484375 0.0453125 0.13046875
5 0.57265625 0.48984375 0.03828125 0.12265625
5 0.41171875 0.48984375 0.04453125 0.0984375
5 0.3671875 0.49453125 0.0375 0.10078125
5 0.340625 0.4921875 0.0390625 0.09765625
5 0.3078125 0.48828125 0.053125 0.0890625
5 0.25859375 0.46953125 0.05078125 0.1203125
5 0.16484375 0.47265625 0.0359375 0.1203125
5 0.21015625 0.475 0.04765625 0.10859375
5 0.1234375 0.46796875 0.025 0.0703125
5 0.10234375 0.46484375 0.02578125 0.05390625
5 0.0375 0.471875 0.0375 0.08984375
7 0.11796875 0.5328125 0.0390625 0.06796875