1 0.35546875 0.54765625 0.2703125 0.26796875
1 0.196875 0.43046875 0.18203125 0.11875
1 0.0859375 0.4453125 0.10546875 0.13203125
5 0.91484375 0.52265625 0.1671875 0.24375
5 0.0390625 0.53515625 0.06953125 0.3171875
5 0.80078125 0.60234375 0.1046875 0.44609375
5 0.71640625 0.52265625 0.05703125 0.31796875
5 0.67578125 0.4765625 0.034375 0.18203125
5 0.63359375 0.4765625 0.05078125 0.1921875
5 0.5921875 0.4625 0.0390625 0.1515625
5 0.509375 0.45234375 0.03203125 0.09765625
5 0.475 0.4453125 0.0390625 0.09453125
3 0.47265625 0.24765625 0.0984375 0.1234375