5 0.69609375 0.54140625 0.0859375 0.31953125
5 0.646875 0.49765625 0.065625 0.2515625
5 0.6203125 0.4765625 0.0546875 0.2
5 0.5859375 0.459375 0.034375 0.1640625
5 0.5 0.45234375 0.03984375 0.096875
5 0.4703125 0.45390625 0.03203125 0.07890625
5 0.44296875 0.43515625 0.02578125 0.05234375
3 0.475 0.25703125 0.06640625 0.11640625
1 0.35 0.53984375 0.20625 0.21484375
1 0.36328125 0.4578125 0.1 0.09140625
1 0.87265625 0.51875 0.21796875 0.33984375
1 0.78515625 0.48125 0.1328125 0.196875
1 0.22265625 0.43359375 0.10390625 0.1109375
1 0.140625 0.43671875 0.11875 0.121875
5 0.078125 0.51875 0.07265625 0.2640625
5 0.02578125 0.515625 0.0390625 0.24140625