5 0.58515625 0.4921875 0.0421875 0.13359375
5 0.621875 0.48515625 0.053125 0.146875
5 0.41953125 0.50703125 0.0546875 0.12578125
5 0.35703125 0.496875 0.04765625 0.11640625
5 0.33046875 0.49921875 0.05703125 0.1203125
5 0.29765625 0.49375 0.03984375 0.1171875
5 0.25 0.475 0.0578125 0.14609375
5 0.1578125 0.48203125 0.0453125 0.1640625
5 0.1796875 0.46953125 0.04453125 0.1546875
5 0.10703125 0.46484375 0.03046875 0.0859375
5 0.09375 0.46015625 0.03671875 0.0859375
5 0.03671875 0.46328125 0.04375 0.0859375
7 0.078125 0.54609375 0.053125 0.08671875