1 0.8484375 0.4796875 0.07265625 0.19140625
1 0.80546875 0.48046875 0.05390625 0.1765625
1 0.7375 0.48984375 0.06171875 0.16484375
1 0.60390625 0.4984375 0.065625 0.13671875
1 0.54453125 0.50078125 0.0484375 0.153125
1 0.490625 0.475 0.0703125 0.17890625
1 0.40390625 0.478125 0.05546875 0.1453125
1 0.35546875 0.4796875 0.034375 0.09140625
1 0.32734375 0.4578125 0.0390625 0.0828125
1 0.246875 0.4578125 0.034375 0.0765625
1 0.22109375 0.4625 0.04453125 0.07734375
1 0.1734375 0.46640625 0.0390625 0.09609375
1 0.0546875 0.46015625 0.04609375 0.11171875
7 0.19296875 0.5484375 0.07578125 0.08984375