5 0.7140625 0.478125 0.06171875 0.15546875
5 0.68125 0.47734375 0.05859375 0.153125
5 0.63359375 0.47265625 0.06328125 0.17578125
5 0.53671875 0.49140625 0.06484375 0.2046875
5 0.14765625 0.5015625 0.07421875 0.19140625
5 0.11015625 0.5125 0.07421875 0.1953125
5 0.06015625 0.51171875 0.0625 0.18359375
1 0.44375 0.465625 0.1078125 0.09453125
1 0.4921875 0.44921875 0.07265625 0.06484375
1 0.24453125 0.453125 0.0703125 0.06328125
3 0.49921875 0.26796875 0.0875 0.0828125
3 0.346875 0.3015625 0.06015625 0.0765625