5 0.6296875 0.50625 0.1234375 0.35234375
5 0.73046875 0.50859375 0.1125 0.3046875
5 0.24296875 0.46484375 0.03046875 0.07734375
5 0.22265625 0.46875 0.0265625 0.09765625
5 0.203125 0.4734375 0.02734375 0.09375
5 0.08203125 0.471875 0.0453125 0.14296875
5 0.05078125 0.4875 0.0328125 0.1765625
5 0.0359375 0.48828125 0.0421875 0.16875
3 0.56640625 0.26796875 0.1125 0.14140625
1 0.37578125 0.5484375 0.21328125 0.24609375
1 0.44296875 0.471875 0.0921875 0.10546875
1 0.29609375 0.46484375 0.06484375 0.090625