1 0.3640625 0.51171875 0.18359375 0.18984375
6 0.7765625 0.509375 0.08984375 0.26171875
6 0.69609375 0.48125 0.06640625 0.178125
5 0.978125 0.46875 0.04375 0.15625
5 0.96015625 0.47734375 0.0546875 0.15546875
5 0.88671875 0.4828125 0.0421875 0.13828125
5 0.8484375 0.47265625 0.0390625 0.13828125
5 0.53515625 0.46953125 0.03828125 0.0546875
5 0.4828125 0.475 0.028125 0.0515625
1 0.1484375 0.496875 0.175 0.18359375
1 0.25390625 0.47109375 0.0953125 0.1265625
8 0.2234375 0.2546875 0.17421875 0.09609375
8 0.3203125 0.24453125 0.10078125 0.121875
3 0.4546875 0.15390625 0.12578125 0.1109375
3 0.4171875 0.2953125 0.0703125 0.04609375
8 0.528125 0.36171875 0.06171875 0.0984375